Part A-1

Total combinations possible when rolling two six-sided dice: 36

Part A-2

[2, 3, 4, 5, 6, 7]
[3, 4, 5, 6, 7, 8]
[4, 5, 6, 7, 8, 9]
[5, 6, 7, 8, 9, 10]
[6, 7, 8, 9, 10, 11]
[7, 8, 9, 10, 11, 12]

Part A-3

P(Sum = 2) = 1/36
P(Sum = 3) = 2/36
P(Sum = 4) = 3/36
P(Sum = 5) = 4/36
P(Sum = 6) = 5/36
P(Sum = 7) = 6/36
P(Sum = 8) = 5/36
P(Sum = 9) = 4/36
P(Sum = 10) = 3/36
P(Sum = 11) = 2/36
P(Sum = 12) = 1/36

Part B

New Die A: [1, 2, 3, 4, 4, 4]
New Die B: [1, 1, 1, 1, 1, 1, 1, 1, 1, 1, 1, 1, 1, 1, 1, 1, 1, 1, 1, 1, 1, 2, 2, 2, 2, 2, 2, 2, 2, 2, 2, 2, 2, 2, 2, 2, 2, 2, 2, 2, 2, 2, 2, 2, 2, 2, 3, 3, 3, 3, 3, 3, 3, 3, 3, 3, 3, 3, 3, 3, 3, 3, 3, 3, 3, 3, 3, 3, 3, 3, 3, 3, 3, 4, 4, 4, 4, 4, 4, 4, 4, 4, 4, 4, 4, 4, 4, 4, 4, 4, 4, 4, 4, 4, 4, 4, 4, 4, 4, 4, 5, 5, 5, 5, 5, 5, 5, 5, 5, 5, 5, 5, 5, 5, 5, 5, 5, 5, 5, 5, 5, 5, 5, 5, 5, 6, 6, 6, 6, 6, 6, 6, 6, 6, 6, 6, 6, 6, 6, 6, 6, 6, 6, 6, 6, 6]
